15000:15018
15001:15019,15003,15046,15029
15002:15018,15035,15040,15049,15038
15003:15001,15022,15004,15018
15004:15011,15003,15018
15005:15019,15007,15020
15006:15035,15030,15011
15007:15028,15020,15005
15008:15040,15029
15009:15013
15010:15019,15049,15040,15037,15030,15034,15014
15011:15041,15004,15018,15014,15006,15022,15048
15012:15029,15048
15013:15045,15009,15021,15018
15014:15032,15011,15015,15010
15015:15027,15032,15031,15014,15028
15016:15033,15037,15041,15048
15017:15033,15042,15043,15021
15018:15002,15034,15035,15011,15000,15004,15038,15013,15003
15019:15040,15001,15005,15010,15029
15020:15040,15007,15047,15031,15005
15021:15041,15045,15023,15025,15035,15013,15017,15036
15022:15031,15003,15027,15035,15011
15023:15021,15039,15043
15024:15037
15025:15021,15037
15026:15033
15027:15049,15015,15022,15047
15028:15007,15043,15037,15031,15015
15029:15008,15012,15019,15001
15030:15006,15046,15010
15031:15047,15045,15022,15044,15020,15015,15042,15028
15032:15014,15015,15033
15033:15017,15026,15016,15032,15037
15034:15018,15047,15043,15045,15035,15010
15035:15006,15018,15049,15002,15022,15021,15034
15036:15021
15037:15042,15028,15024,15010,15016,15025,15033
15038:15045,15039,15002,15018
15039:15040,15038,15023
15040:15020,15008,15019,15039,15002,15010,15042
15041:15011,15021,15016
15042:15037,15017,15040,15031
15043:15028,15034,15017,15045,15023
15044:15031
15045:15031,15038,15013,15021,15034,15043
15046:15001,15030
15047:15031,15034,15020,15027
15048:15016,15012,15011
15049:15035,15027,15010,15002
