15000: 15001, 15002, 15010
15001: 15000, 15002, 15003, 15011, 15021
15002: 15000, 15001, 15003, 15012
15003: 15001, 15002, 15004, 15005, 15013, 15023
15004: 15003, 15005, 15006, 15014, 15024
15005: 15003, 15004, 15006, 15007, 15015, 15025
15006: 15004, 15005, 15007, 15008, 15016
15007: 15005, 15006, 15008, 15009, 15017
15008: 15006, 15007, 15009, 15018
15009: 15007, 15008, 15019, 15029
15010: 15011, 15012, 15000, 15020, 15030
15011: 15010, 15012, 15013, 15001, 15021
15012: 15010, 15011, 15013, 15002, 15022
15013: 15011, 15012, 15014, 15003, 15023
15014: 15013, 15015, 15004, 15024
15015: 15014, 15016, 15005, 15025
15016: 15015, 15017, 15006, 15026
15017: 15016, 15018, 15019, 15007, 15027, 15037
15018: 15017, 15019, 15008, 15028, 15038
15019: 15017, 15018, 15009, 15029
15020: 15021, 15022, 15010, 15030, 15040
15021: 15020, 15022, 15023, 15001, 15011, 15031, 15041
15022: 15020, 15021, 15023, 15024, 15012, 15032, 15042
15023: 15021, 15022, 15024, 15003, 15013, 15033
15024: 15022, 15023, 15025, 15026, 15004, 15014, 15034
15025: 15024, 15026, 15005, 15015, 15035, 15045
15026: 15024, 15025, 15027, 15028, 15016, 15036, 15046
15027: 15026, 15028, 15017, 15037, 15047
15028: 15026, 15027, 15029, 15018, 15038, 15048
15029: 15028, 15009, 15019, 15039, 15049
15030: 15031, 15032, 15010, 15020, 15040
15031: 15030, 15032, 15033, 15021, 15041
15032: 15030, 15031, 15033, 15022, 15042
15033: 15031, 15032, 15034, 15023, 15043
15034: 15033, 15035, 15036, 15024, 15044
15035: 15034, 15036, 15037, 15025, 15045
15036: 15034, 15035, 15037, 15038, 15026, 15046
15037: 15035, 15036, 15038, 15017, 15027, 15047
15038: 15036, 15037, 15039, 15018, 15028, 15048
15039: 15038, 15029, 15049
15040: 15041, 15020, 15030
15041: 15040, 15042, 15021, 15031
15042: 15041, 15043, 15044, 15022, 15032
15043: 15042, 15044, 15033
15044: 15042, 15043, 15045, 15034
15045: 15044, 15046, 15025, 15035
15046: 15045, 15047, 15026, 15036
15047: 15046, 15048, 15049, 15027, 15037
15048: 15047, 15049, 15028, 15038
15049: 15047, 15048, 15029, 15039